45 122
49 43 39 0
2 28 3 1
0 31 47 2
38 9 51 3
42 15 27 5
4 29 49 6
0 38 71 9
49 39 67 10
38 42 95 11
43 44 29 12
40 32 40 13
41 19 26 14
32 11 42 15
10 17 23 16
11 31 9 17
40 25 96 18
17 27 34 19
40 26 24 20
5 8 12 22
36 0 46 23
26 44 16 24
46 40 29 25
47 20 51 26
30 31 93 27
29 10 69 31
39 24 55 32
41 20 33 33
37 38 38 34
16 20 84 35
6 17 6 36
10 49 37 37
5 9 17 38
23 8 73 40
37 39 83 41
0 9 18 44
38 25 88 45
24 33 57 46
31 43 58 47
20 49 17 48
39 19 63 49
22 44 73 50
47 31 62 51
32 40 92 52
41 47 51 55
31 21 37 56
40 4 30 57
16 16 2 59
31 39 96 60
4 38 80 61
18 21 70 62
4 26 83 65
44 49 11 67
27 0 36 68
10 18 5 69
13 49 44 70
11 5 34 71
41 25 55 72
43 18 5 74
32 22 82 75
17 30 93 76
24 26 93 77
36 3 43 78
29 27 62 80
25 38 19 81
10 32 94 82
17 46 35 83
37 41 53 84
43 23 28 85
25 41 10 86
18 17 36 87
13 5 90 88
8 30 4 89
21 11 33 90
4 1 5 92
0 18 3 93
39 49 20 95
17 26 63 96
27 46 81 97
15 10 36 98
5 20 18 99
11 42 32 100
46 29 21 101
20 34 72 102
27 34 40 103
33 22 98 104
30 13 47 105
0 30 73 106
47 24 82 108
4 43 98 110
36 40 78 111
33 41 48 113
23 24 72 114
22 4 35 115
47 21 65 116
26 19 18 117
1 3 53 118
28 6 97 120
41 26 98 122
15 2 71 123
39 9 6 124
10 16 24 125
9 39 0 126
28 9 53 127
39 26 67 129
47 23 87 130
31 32 22 131
31 25 50 132
29 40 54 133
31 31 3 135
20 33 82 136
31 37 15 137
46 25 4 138
22 42 51 139
47 32 34 140
31 6 15 141
33 26 54 144
27 9 87 145
32 32 21 146
16 13 60 147
30 40 83 149
50 1 10 150
8 50 10 151
