995 3951
2
3
4
5
6
10
11
12
14
15
16
17
18
19
20
21
22
23
24
25
26
27
28
29
30
31
32
33
34
35
36
37
38
39
40
41
42
43
44
45
46
47
48
49
50
51
52
53
54
55
56
57
58
59
60
61
62
63
64
65
66
67
68
69
70
71
72
73
74
75
76
77
78
79
80
81
82
83
84
85
86
87
88
89
90
91
92
93
94
95
96
97
98
99
100
101
102
103
104
105
106
107
108
109
110
111
112
113
114
115
116
117
118
119
120
121
122
123
124
125
126
127
128
129
130
131
132
133
134
135
136
137
138
139
140
141
142
143
144
145
146
147
148
149
150
151
152
153
154
155
156
157
158
159
160
161
162
163
164
165
166
167
168
169
170
171
172
173
174
175
176
177
178
179
180
181
182
183
184
185
186
187
188
189
190
191
192
193
194
195
196
197
198
199
200
201
202
203
204
205
206
207
208
209
210
211
212
213
214
215
216
217
218
219
220
221
222
223
224
225
226
227
228
229
230
231
232
233
234
235
236
237
238
239
240
241
242
243
244
245
246
247
248
249
250
251
252
253
254
255
256
257
258
259
260
261
262
263
264
265
266
267
268
269
270
271
272
273
274
275
276
277
278
279
280
281
282
283
284
285
286
287
288
289
290
291
292
293
294
295
296
297
298
299
300
301
302
303
304
305
306
307
308
309
310
311
312
313
314
315
316
317
318
319
320
321
322
323
324
325
326
327
328
329
330
331
332
333
334
335
336
337
338
339
340
341
342
343
344
345
346
347
348
349
350
351
352
353
354
355
356
357
358
359
360
361
362
363
364
365
366
367
368
369
370
371
372
373
374
375
376
377
378
379
380
381
382
383
384
385
386
387
388
389
390
391
392
393
394
395
396
397
398
399
400
401
402
403
404
405
406
407
408
409
410
411
412
413
414
415
416
417
418
419
420
421
422
423
424
425
426
427
428
429
430
431
432
433
434
435
436
437
438
439
440
441
442
443
444
445
446
447
448
449
450
451
452
453
454
455
456
457
458
459
460
461
462
463
464
465
466
467
468
469
470
471
472
473
474
475
476
477
478
479
480
481
482
483
484
485
486
487
488
489
490
491
492
493
494
495
496
497
498
499
500
501
502
503
504
505
506
507
508
509
510
511
512
513
514
515
516
517
518
519
520
521
522
523
524
525
526
527
528
529
530
531
532
533
534
535
536
537
538
539
540
541
542
543
544
545
546
547
548
549
550
551
552
553
554
555
556
557
558
559
560
561
562
563
564
565
566
567
568
569
570
571
572
573
574
575
576
577
578
579
580
581
582
583
584
585
586
587
588
589
590
591
592
593
594
595
596
597
598
599
600
601
602
603
604
605
606
607
608
609
610
611
612
613
614
615
616
617
618
619
620
621
622
623
624
625
626
627
628
629
630
631
632
633
634
635
636
637
638
639
640
641
642
643
644
645
646
647
648
649
650
651
652
653
654
655
656
657
658
659
660
661
662
663
664
665
666
667
668
669
670
671
672
673
674
675
676
677
678
679
680
681
682
683
684
685
686
687
688
689
690
691
692
693
694
695
696
697
698
699
700
701
702
703
704
705
706
707
708
709
710
711
712
713
714
715
716
717
718
719
720
721
722
723
724
725
726
727
728
729
730
731
732
733
734
735
736
737
738
739
740
741
742
743
744
745
746
747
748
749
750
751
752
753
754
755
756
757
758
759
760
761
762
763
764
765
766
767
768
769
770
771
772
773
774
775
776
777
778
779
780
781
782
783
784
785
786
787
788
789
790
791
792
793
794
795
796
797
798
799
800
801
802
803
804
805
806
807
808
809
810
811
812
813
814
815
816
817
818
819
820
821
822
823
824
825
826
827
828
829
830
831
832
833
834
835
836
837
838
839
840
841
842
843
844
845
846
847
848
849
850
851
852
853
854
855
856
857
858
859
860
861
862
863
864
865
866
867
868
869
870
871
872
873
874
875
876
877
878
879
880
881
882
883
884
885
886
887
888
889
890
891
892
893
894
895
896
897
898
899
900
901
902
903
904
905
906
907
908
909
910
911
912
913
914
915
916
917
918
919
920
921
922
923
924
925
926
927
928
929
930
931
932
933
934
935
936
937
938
939
940
941
942
943
944
945
946
947
948
949
950
951
952
953
954
955
956
957
958
959
960
961
962
963
964
965
966
967
968
969
970
971
972
973
974
975
976
977
978
979
980
981
982
983
984
985
986
987
988
989
990
991
992
993
994
995
996
997
998
999
1000
2 687 66 13
2 794 10 14
2 900 20 15
3 64 95 16
4 183 35 21
4 783 20 22
5 487 27 24
5 649 97 25
6 43 40 26
6 137 96 27
6 547 98 28
6 606 89 29
10 393 3 36
10 444 21 37
10 682 12 38
11 522 66 39
11 886 78 40
12 11 35 41
12 800 69 42
14 128 89 48
14 154 35 49
14 176 32 50
14 425 11 51
14 748 70 52
15 240 52 53
15 334 75 54
15 609 96 55
15 939 48 56
16 242 15 57
16 526 92 58
16 802 46 59
16 845 3 60
16 891 39 61
17 621 62 62
17 650 54 63
17 717 35 64
17 801 31 65
17 851 57 66
18 17 38 67
18 102 51 68
18 343 68 69
18 435 4 70
19 99 29 71
19 246 2 72
19 404 73 73
19 594 46 74
20 53 2 75
20 268 51 76
20 413 83 77
20 434 96 78
20 635 39 79
21 116 17 80
21 383 27 81
21 969 50 82
22 73 86 83
22 130 78 84
22 164 24 85
22 870 81 86
23 424 26 87
24 167 38 88
24 650 73 89
25 55 72 90
25 100 40 91
25 128 11 92
25 476 33 93
25 590 94 94
26 300 46 95
26 397 63 96
26 455 50 97
26 459 84 98
26 482 14 99
26 814 17 100
27 367 87 101
27 554 42 102
27 728 19 103
28 58 59 104
28 108 88 105
28 482 20 106
29 40 10 107
29 135 70 108
29 595 15 109
30 147 49 110
30 511 87 111
30 529 42 112
30 806 98 113
30 838 72 114
30 918 20 115
31 112 21 116
31 115 53 117
31 392 45 118
32 113 58 119
32 477 25 120
32 563 16 121
32 740 98 122
32 961 36 123
32 979 49 124
33 132 91 125
33 548 81 126
34 431 12 127
35 37 41 128
35 157 64 129
35 317 25 130
35 523 58 131
35 589 51 132
35 595 67 133
35 731 76 134
35 747 10 135
35 822 54 136
35 825 96 137
35 889 19 138
35 926 24 139
35 953 11 140
36 462 68 141
36 539 10 142
36 974 52 143
37 753 65 144
37 775 81 145
37 777 71 146
37 793 85 147
38 135 34 148
38 224 16 149
38 514 43 150
38 876 59 151
38 917 32 152
39 419 40 153
39 695 94 154
39 835 81 155
40 129 31 156
40 500 75 157
40 511 92 158
40 925 72 159
40 962 39 160
41 798 17 161
42 17 29 162
42 60 89 163
42 98 83 164
42 119 5 165
43 23 98 166
43 73 37 167
43 830 100 168
44 48 17 169
44 209 60 170
44 263 11 171
44 362 84 172
44 372 69 173
45 81 62 174
45 712 49 175
46 283 50 176
46 813 33 177
47 546 33 178
47 821 83 179
48 120 49 180
48 800 76 181
49 339 42 182
49 423 80 183
49 449 16 184
50 20 36 185
50 583 60 186
50 925 46 187
50 990 10 188
51 53 52 189
51 157 17 190
51 173 49 191
51 877 68 192
51 992 46 193
52 521 37 194
52 755 51 195
52 756 50 196
53 140 35 197
53 663 87 198
54 39 50 199
54 374 52 200
54 685 46 201
54 985 61 202
55 34 36 203
56 22 14 204
56 74 22 205
56 149 84 206
56 246 64 207
56 871 55 208
56 925 16 209
57 549 46 210
57 787 3 211
57 896 92 212
57 942 88 213
58 74 7 215
58 77 23 216
58 157 43 217
58 205 52 218
58 560 32 219
59 30 95 220
59 200 69 221
59 723 80 222
59 887 63 223
59 914 15 224
60 523 17 225
61 812 13 226
62 28 64 227
62 47 52 228
62 215 100 229
62 486 14 230
62 581 4 231
63 355 45 232
63 567 74 233
63 685 39 234
64 20 59 235
64 493 96 236
64 681 22 237
65 178 22 238
65 194 51 239
65 386 38 240
65 413 68 241
65 684 54 242
65 737 29 243
65 787 55 244
65 889 37 245
66 247 35 246
66 289 77 247
66 379 80 248
66 897 87 249
67 337 9 250
67 612 74 251
67 840 56 252
67 976 89 253
68 331 36 254
68 762 70 255
69 204 6 256
69 442 48 257
69 444 34 258
69 742 58 259
69 949 48 260
70 98 48 261
70 623 61 262
70 816 92 263
70 897 22 264
71 318 99 265
71 477 51 266
71 674 17 267
71 962 20 268
72 99 72 269
72 358 68 270
72 363 57 271
72 519 40 272
73 461 22 273
73 514 86 274
73 770 94 275
74 110 58 276
74 513 20 277
74 633 71 278
74 713 37 279
74 950 7 280
75 44 80 281
75 285 10 282
76 986 62 283
77 132 68 284
77 286 46 285
77 947 31 286
77 954 74 287
78 114 94 288
78 319 64 289
78 412 31 290
78 418 41 291
79 257 12 292
79 931 91 293
80 14 33 294
80 99 33 295
80 468 90 296
81 201 83 297
81 315 49 298
81 377 9 299
81 384 55 300
81 447 17 301
82 142 66 302
82 236 94 303
82 340 38 304
82 527 52 305
82 557 88 306
82 854 95 307
83 30 71 308
83 454 59 309
84 133 32 310
84 159 78 311
84 244 38 312
84 681 42 313
84 759 39 314
84 780 5 315
84 995 87 316
85 860 70 317
85 988 79 318
86 169 81 319
86 180 34 320
86 292 9 321
86 352 21 322
86 425 45 323
86 461 100 324
86 479 53 325
86 971 77 326
87 6 89 327
87 142 35 328
87 175 26 329
87 247 98 330
87 937 90 331
88 273 42 332
88 359 64 333
88 381 83 334
88 744 80 335
89 130 15 336
89 318 71 337
89 334 75 338
89 382 86 339
89 687 29 340
89 693 6 341
89 750 63 342
89 778 66 343
90 746 48 344
90 914 1 345
91 139 71 346
91 163 35 347
91 252 71 348
91 760 49 349
91 891 15 350
91 941 4 351
92 56 57 352
92 463 35 353
92 826 49 354
92 961 56 355
93 44 88 356
93 93 25 357
93 134 45 358
93 255 23 359
93 617 51 360
93 693 42 361
94 48 12 362
94 425 92 363
94 506 5 364
94 662 94 365
94 809 72 366
94 998 19 367
95 699 64 368
95 815 46 369
95 818 4 370
95 834 93 371
96 237 52 372
96 348 66 373
96 787 58 374
96 942 99 375
97 2 67 376
97 84 28 377
97 195 33 378
97 551 38 379
97 635 77 380
97 892 48 381
98 12 42 382
98 221 34 383
98 251 82 384
98 689 90 385
98 780 90 386
98 835 69 387
99 224 14 388
99 264 34 389
99 360 91 390
99 382 64 391
99 477 75 392
99 621 2 393
100 259 56 394
100 416 80 395
100 579 96 396
101 157 98 398
101 318 60 399
101 533 73 400
101 584 2 401
101 590 52 402
101 674 25 403
101 832 68 404
101 889 10 405
101 948 23 406
101 976 34 407
102 387 37 408
102 736 56 409
102 804 72 410
103 62 14 411
103 126 3 412
103 833 13 413
103 896 47 414
105 941 85 415
106 256 2 416
106 319 36 417
106 409 54 418
106 777 16 419
107 133 69 420
107 472 44 421
107 647 80 422
107 655 44 423
108 248 46 424
108 456 36 425
108 847 23 426
108 891 42 427
109 123 21 429
109 415 2 430
109 425 35 431
109 674 22 432
109 697 53 433
109 744 59 434
109 790 89 435
109 869 62 436
110 682 82 437
111 340 23 438
111 361 99 439
111 461 38 440
111 546 94 441
111 689 12 442
111 783 41 443
111 830 7 444
112 324 59 445
112 489 26 446
112 657 8 447
112 861 94 448
112 928 79 449
113 155 24 450
113 274 63 451
113 678 23 452
114 125 3 453
114 339 6 454
114 624 69 455
114 880 38 456
115 374 29 457
115 722 10 458
116 291 1 459
116 925 49 460
117 51 12 461
117 93 35 462
117 161 71 463
117 591 64 464
117 760 94 465
118 268 60 466
118 479 26 467
118 847 76 468
118 941 82 469
119 146 25 470
119 589 14 471
119 966 76 472
120 179 37 473
120 185 55 474
120 410 83 475
120 688 95 476
120 887 80 477
121 244 90 478
121 407 89 479
121 535 59 480
121 685 14 481
122 408 51 482
122 483 81 483
123 209 17 484
124 792 57 485
124 846 50 486
125 158 55 487
125 477 85 488
125 793 60 489
126 167 55 490
126 227 34 491
126 451 71 492
126 461 90 493
126 557 4 494
126 729 35 495
127 101 84 496
127 173 63 497
127 353 61 498
127 368 60 499
129 45 45 500
129 108 85 501
129 179 73 502
129 230 21 503
129 529 22 504
129 970 28 505
129 976 3 506
130 18 16 507
130 29 8 508
130 194 93 509
130 433 4 510
130 705 66 511
130 789 6 512
131 866 55 513
131 965 47 514
132 18 22 515
132 577 11 516
132 787 96 517
132 928 76 518
133 36 96 519
133 254 56 520
133 383 30 521
133 533 29 522
133 828 26 523
133 863 19 524
133 892 33 525
134 133 60 526
134 516 2 527
135 32 95 528
135 449 21 529
135 607 62 530
135 984 40 531
136 659 5 532
136 717 34 533
136 897 60 534
137 558 26 535
137 804 62 536
138 89 62 537
138 96 42 538
138 285 69 539
138 360 54 540
138 417 46 541
138 558 35 542
138 750 60 543
138 809 100 544
138 816 81 545
138 978 81 546
139 3 11 547
139 42 77 548
139 143 57 549
139 245 6 550
139 954 32 551
140 567 86 552
140 978 35 553
141 42 58 554
141 429 5 555
141 455 67 556
141 606 18 557
141 666 7 558
142 294 62 559
142 329 38 560
142 506 68 561
142 579 1 562
142 751 42 563
142 852 2 564
143 119 60 565
143 194 68 566
143 273 63 567
143 283 22 568
143 359 10 569
143 413 32 570
143 521 76 571
143 586 55 572
143 816 66 573
144 3 35 574
144 164 55 575
144 213 47 576
144 496 15 577
144 564 65 578
144 637 24 579
144 721 71 580
145 397 71 581
145 499 56 582
145 820 57 583
145 931 5 584
145 976 13 585
146 857 62 586
146 969 71 587
147 316 30 588
147 790 68 589
147 849 32 590
147 881 68 591
148 81 36 592
148 522 33 593
148 568 10 594
148 613 38 595
148 727 93 596
148 759 77 597
148 925 100 598
149 558 14 599
149 559 87 600
149 623 32 601
149 629 89 602
149 806 41 603
150 99 98 604
150 547 24 605
150 723 96 606
150 784 44 607
151 72 39 608
151 198 60 609
151 623 68 610
151 703 9 611
152 21 31 612
152 32 23 613
152 94 66 614
152 202 35 615
152 236 36 616
152 481 27 617
152 681 6 618
152 732 66 619
153 382 95 620
153 807 38 621
154 90 31 623
155 292 70 624
155 401 42 625
155 828 68 626
156 2 62 627
156 400 18 628
156 450 68 629
156 489 76 630
156 773 5 631
156 971 99 632
157 18 65 633
157 50 46 634
157 309 96 635
157 464 88 636
157 503 41 637
157 931 40 638
158 164 26 639
158 254 1 640
158 335 7 641
158 401 35 642
158 537 31 643
158 893 30 644
159 303 1 645
159 802 65 646
160 119 65 647
160 272 28 648
160 467 70 649
160 513 30 650
160 689 22 651
160 846 7 652
160 970 62 653
161 156 53 654
161 251 77 655
161 482 3 656
161 719 20 657
162 119 39 658
162 273 21 659
163 254 88 660
163 391 14 661
163 429 26 662
163 830 87 663
164 4 78 664
164 274 71 665
164 745 83 666
164 987 66 667
165 11 11 668
165 130 22 669
165 135 91 670
165 235 11 671
165 718 29 672
165 859 26 673
166 419 42 674
166 569 58 675
166 678 26 676
166 783 7 677
166 868 23 678
167 202 53 679
167 384 76 680
167 672 53 681
167 815 75 682
168 403 83 683
168 461 15 684
169 36 27 685
169 732 60 686
169 906 18 687
169 917 47 688
170 479 98 689
170 522 39 690
170 945 34 691
171 536 11 692
171 829 64 693
172 972 21 694
173 26 89 695
173 156 34 696
173 350 3 697
173 385 54 698
173 409 45 699
173 447 24 700
173 552 45 701
173 787 56 702
173 844 53 703
173 937 70 704
173 957 97 705
174 170 11 706
174 187 95 707
174 288 3 708
174 790 33 709
174 926 47 710
175 44 79 711
175 699 86 712
175 714 21 713
175 841 62 714
175 955 100 715
176 167 48 716
176 240 21 717
176 599 17 718
176 618 94 719
176 639 18 720
176 696 55 721
176 950 28 722
177 293 29 723
177 382 19 724
178 48 48 725
178 60 17 726
178 221 52 727
178 242 51 728
178 359 71 729
178 360 96 730
178 403 75 731
178 524 15 732
178 846 52 733
179 47 27 734
179 946 84 735
179 948 48 736
180 359 37 737
180 684 79 738
180 862 51 739
180 958 70 740
181 152 25 741
181 341 30 742
181 504 55 743
181 989 46 744
182 275 91 745
182 530 55 746
183 98 93 747
183 219 12 748
183 458 72 749
183 750 87 750
184 156 30 751
184 230 26 752
184 282 15 753
184 373 58 754
184 554 44 755
184 666 63 756
185 142 75 757
185 285 96 758
185 553 13 759
185 689 46 760
186 189 92 761
186 637 87 762
186 729 60 763
186 867 43 764
186 910 14 765
187 276 44 766
187 618 91 767
188 257 50 768
188 287 22 769
188 356 42 770
188 436 20 771
189 559 47 772
189 735 71 773
189 957 75 774
190 432 93 775
190 483 62 776
190 580 30 777
190 822 85 778
191 51 73 779
191 83 1 780
191 302 72 781
191 581 2 782
191 786 26 783
191 921 86 784
192 663 60 785
193 805 70 786
193 858 49 787
193 908 35 788
194 161 66 789
194 455 61 790
195 136 80 791
195 269 57 792
195 395 48 793
195 430 40 794
195 483 100 795
195 603 61 796
195 777 83 797
196 265 90 798
196 320 11 799
197 486 5 800
197 575 32 801
198 11 30 802
198 94 52 803
198 440 2 804
198 612 5 805
198 747 44 806
199 255 64 807
199 287 34 808
199 677 28 809
199 685 36 810
199 883 34 811
200 401 100 812
200 661 38 813
200 746 60 814
201 869 86 815
202 771 98 816
203 113 29 817
203 166 34 818
203 715 32 819
203 903 95 820
204 276 94 821
204 837 11 822
204 854 51 823
205 51 41 824
205 101 50 825
205 409 50 826
205 522 2 827
206 24 33 828
206 368 40 829
206 423 12 830
206 965 37 831
207 111 41 833
207 318 89 834
207 618 73 835
207 770 46 836
207 994 32 837
208 369 37 838
209 34 79 839
209 110 60 840
209 522 73 841
209 737 13 842
210 473 59 843
210 503 10 844
210 606 72 845
211 594 44 846
211 678 8 847
211 733 1 848
212 37 77 849
212 334 39 850
212 385 95 851
212 837 71 852
213 252 50 853
213 276 45 854
214 3 12 855
214 278 99 856
214 344 95 857
214 428 13 858
214 759 32 859
214 899 35 860
214 983 24 861
215 205 68 862
215 992 6 863
216 97 65 864
216 297 57 865
216 728 79 866
217 136 11 867
217 215 88 868
217 271 15 869
217 378 89 870
217 492 47 871
217 989 87 872
218 174 1 873
218 296 6 874
218 450 97 875
218 667 73 876
218 839 49 877
219 158 4 878
219 349 73 879
219 477 26 880
219 502 43 881
219 504 67 882
219 919 97 883
220 123 92 884
220 647 12 885
220 648 8 886
220 707 91 887
220 831 7 888
220 872 21 889
220 895 22 890
220 974 41 891
221 106 45 892
221 303 90 893
221 321 46 894
221 335 9 895
221 403 46 896
221 506 24 897
222 112 19 898
222 219 33 899
222 347 39 900
222 561 8 901
222 752 80 902
223 651 26 903
223 945 9 904
224 250 85 905
224 498 22 906
224 541 81 907
225 15 34 908
225 79 26 909
225 367 54 910
225 619 60 911
225 732 68 912
226 311 21 913
226 815 56 914
226 967 60 915
227 388 32 916
227 495 64 917
227 926 50 918
228 634 39 919
228 893 84 920
229 62 71 921
229 122 79 922
229 276 28 923
229 578 60 924
229 641 25 925
229 665 37 926
229 923 6 927
230 379 49 928
230 385 56 929
230 902 38 930
230 990 87 931
231 204 63 932
231 501 17 933
231 524 12 934
232 154 72 935
232 333 1 936
232 366 34 937
233 49 52 938
233 73 35 939
233 202 60 940
233 446 6 941
233 481 94 942
233 733 27 943
233 829 26 944
233 926 49 945
233 979 87 946
234 203 58 947
234 247 12 948
234 354 36 949
234 896 96 950
235 417 96 951
235 613 7 952
235 727 74 953
235 944 23 954
236 70 67 955
236 153 99 956
236 653 59 957
236 661 72 958
236 665 47 959
236 704 14 960
236 969 10 961
237 219 34 962
237 564 77 963
238 158 26 964
238 450 46 965
238 552 48 966
238 618 27 967
238 881 79 968
238 970 100 969
238 998 62 970
239 163 38 971
239 390 5 972
240 77 55 973
240 262 65 974
241 67 30 975
241 675 4 976
242 570 87 978
242 893 16 979
243 24 88 980
243 436 82 981
243 454 11 982
243 553 95 983
244 136 56 984
244 204 33 985
244 326 61 986
244 450 54 987
244 659 92 988
244 803 33 989
244 848 1 990
244 912 5 991
245 214 42 992
245 223 34 993
245 285 81 994
245 791 68 995
246 194 80 996
246 339 28 997
246 509 95 998
246 521 59 999
246 576 28 1000
247 193 56 1001
247 324 96 1002
247 360 32 1003
247 406 11 1004
247 543 61 1005
248 552 62 1006
248 642 14 1007
248 728 13 1008
248 851 48 1009
249 451 30 1010
249 710 100 1011
250 256 30 1012
250 994 40 1013
251 47 94 1014
251 142 86 1015
251 266 73 1016
251 970 55 1017
251 998 39 1018
252 91 64 1019
252 96 87 1020
252 290 40 1021
252 589 68 1022
252 738 29 1023
252 754 73 1024
253 162 49 1025
253 697 97 1026
253 703 52 1027
254 82 77 1028
255 726 91 1029
256 281 11 1030
256 417 4 1031
256 601 47 1032
256 769 6 1033
257 74 35 1034
257 476 57 1035
257 778 67 1036
258 164 97 1037
258 334 71 1038
258 488 79 1039
258 617 44 1040
258 683 100 1041
258 974 79 1042
259 144 74 1043
259 161 40 1044
259 171 72 1045
259 229 59 1046
259 786 12 1047
259 843 26 1048
260 493 98 1049
260 545 75 1050
260 649 13 1051
260 877 37 1052
261 172 43 1053
261 192 41 1054
261 426 10 1055
261 943 92 1056
261 967 37 1057
262 604 62 1058
262 958 68 1059
263 294 28 1060
264 99 72 1061
264 285 71 1062
264 317 74 1063
264 633 78 1064
265 439 6 1065
265 725 31 1066
266 25 44 1067
266 403 2 1068
266 539 1 1069
267 35 23 1070
267 321 46 1071
267 434 1 1072
267 862 2 1073
268 90 20 1074
268 162 40 1075
268 191 73 1076
268 391 78 1077
268 735 52 1078
268 779 99 1079
269 321 75 1080
270 317 27 1081
270 367 11 1082
270 437 12 1083
270 745 70 1084
270 950 51 1085
270 962 21 1086
271 61 61 1087
271 172 87 1088
271 221 82 1089
271 791 28 1090
272 35 14 1091
272 284 53 1092
272 785 99 1093
274 239 88 1094
275 168 30 1095
275 524 4 1096
275 547 18 1097
275 767 74 1098
276 44 6 1099
276 176 19 1100
276 233 97 1101
276 792 51 1102
276 974 19 1103
277 34 98 1104
277 407 70 1105
277 553 59 1106
277 664 71 1107
277 810 48 1108
278 122 11 1109
278 145 69 1110
279 28 23 1111
279 66 37 1112
279 365 79 1113
280 313 34 1114
280 546 6 1115
280 687 29 1116
280 794 54 1117
280 887 66 1118
280 997 16 1119
281 334 36 1120
281 836 94 1121
281 983 30 1122
282 75 88 1123
282 95 92 1124
282 437 18 1125
282 845 18 1126
282 898 96 1127
282 914 35 1128
283 50 92 1129
283 352 1 1130
283 420 54 1131
283 456 89 1132
283 597 52 1133
284 76 73 1134
284 738 86 1135
285 313 22 1136
285 807 31 1137
285 968 57 1138
286 24 70 1139
286 395 42 1140
286 559 25 1141
286 605 92 1142
286 714 78 1143
286 846 3 1144
286 944 25 1145
287 105 84 1146
287 197 32 1147
287 838 79 1148
287 966 50 1149
288 350 48 1150
288 521 14 1151
288 808 43 1152
288 864 78 1153
289 453 2 1154
290 294 35 1155
290 445 95 1156
290 458 20 1157
291 547 31 1158
291 695 30 1159
291 873 12 1160
292 224 31 1161
292 491 83 1162
292 499 100 1163
292 628 83 1164
292 694 55 1165
292 708 86 1166
292 771 5 1167
293 25 86 1168
293 114 42 1169
293 184 74 1170
293 256 27 1171
293 419 66 1172
293 425 65 1173
294 124 5 1174
294 232 69 1175
294 574 90 1176
294 614 88 1177
294 770 1 1178
295 615 69 1179
295 744 38 1180
296 189 48 1181
296 201 83 1182
296 479 80 1183
296 680 26 1184
297 119 84 1185
297 202 15 1186
297 355 20 1187
297 659 4 1188
297 904 45 1189
298 114 49 1190
298 252 15 1191
299 598 76 1192
299 615 31 1193
299 951 14 1194
300 102 59 1195
300 203 86 1196
300 715 99 1197
301 56 63 1198
301 67 71 1199
301 126 41 1200
301 657 37 1201
302 244 97 1202
302 278 7 1203
302 283 1 1204
302 586 2 1205
302 728 75 1206
302 822 91 1207
303 6 89 1208
303 278 76 1209
303 479 59 1210
303 670 26 1211
304 165 23 1212
304 223 42 1213
304 643 6 1214
304 888 48 1215
304 992 25 1216
305 156 21 1217
305 261 68 1218
305 584 29 1219
305 645 65 1220
305 668 16 1221
305 737 43 1222
306 349 41 1223
306 708 47 1224
306 757 57 1225
306 827 99 1226
306 843 32 1227
307 31 56 1228
307 144 62 1229
307 498 3 1230
307 751 96 1231
307 844 98 1232
308 221 100 1233
308 433 2 1234
308 441 99 1235
308 494 1 1236
308 808 77 1237
308 995 89 1238
309 140 89 1239
309 302 52 1240
309 484 48 1241
309 487 15 1242
309 653 75 1243
309 780 89 1244
309 983 21 1245
310 67 23 1246
310 410 14 1247
310 785 41 1248
310 842 90 1249
311 911 43 1250
312 53 5 1251
312 105 6 1252
312 411 85 1253
312 608 46 1254
312 609 53 1255
312 625 42 1256
312 943 44 1257
313 383 85 1258
313 395 98 1259
313 994 5 1260
314 297 87 1261
314 573 93 1262
315 434 2 1263
315 838 86 1264
316 508 95 1265
316 528 100 1266
316 793 86 1267
316 882 72 1268
316 892 89 1269
316 931 75 1270
317 255 24 1271
317 521 37 1272
317 586 89 1273
317 758 98 1274
317 972 25 1275
318 59 10 1276
318 81 21 1277
318 120 39 1278
318 243 50 1279
318 267 11 1280
318 836 81 1281
319 51 55 1282
319 824 17 1283
319 932 66 1284
320 190 100 1285
320 498 69 1286
320 644 8 1287
321 571 43 1288
321 627 53 1289
321 656 5 1290
321 667 48 1291
322 22 40 1292
322 381 98 1293
322 565 50 1294
322 702 25 1295
322 847 93 1296
323 189 49 1297
323 979 11 1298
324 702 64 1299
324 931 38 1300
325 334 85 1301
325 743 87 1302
325 869 74 1303
325 950 74 1304
326 19 99 1306
326 120 83 1307
326 532 5 1308
326 614 38 1309
326 790 33 1310
327 464 15 1311
327 855 18 1312
327 985 87 1313
327 999 31 1314
328 49 83 1315
328 231 86 1316
328 898 100 1317
329 65 90 1318
329 141 29 1319
329 189 53 1320
329 429 95 1321
329 586 76 1322
329 645 92 1323
329 861 92 1324
330 101 25 1325
330 477 17 1326
330 484 84 1327
331 91 74 1328
331 192 27 1329
331 402 47 1330
331 891 12 1331
332 11 12 1332
332 105 34 1333
332 962 86 1334
333 240 86 1335
333 291 18 1336
333 431 84 1337
333 536 69 1338
333 679 23 1339
333 688 21 1340
333 734 1 1341
333 820 37 1342
334 160 39 1343
334 172 87 1344
334 495 68 1345
334 635 22 1346
334 850 73 1347
334 884 68 1348
335 90 12 1349
335 235 1 1350
335 392 20 1351
335 402 6 1352
335 768 77 1353
336 20 12 1354
336 253 97 1355
336 368 1 1356
336 807 28 1357
336 847 81 1358
336 992 75 1359
337 386 55 1360
337 891 28 1361
338 171 86 1362
338 442 67 1363
338 659 61 1364
338 773 71 1365
338 847 52 1366
339 79 79 1367
339 777 55 1368
339 902 21 1369
340 507 1 1370
340 537 76 1371
340 680 21 1372
340 783 38 1373
340 965 14 1374
341 50 8 1375
341 116 6 1376
341 692 35 1377
341 784 80 1378
341 846 73 1379
342 50 47 1380
342 289 81 1381
342 555 93 1382
342 562 52 1383
342 679 57 1384
343 50 4 1385
343 323 49 1386
343 359 58 1387
343 753 32 1388
343 798 30 1389
344 598 32 1390
344 814 86 1391
345 298 57 1392
345 659 18 1393
345 804 53 1394
346 778 18 1395
347 184 88 1396
347 532 5 1397
348 305 96 1398
348 428 43 1399
348 705 25 1400
348 712 97 1401
349 511 18 1402
349 542 46 1403
349 919 34 1404
350 686 31 1405
351 446 53 1406
351 554 40 1407
351 660 66 1408
351 846 33 1409
351 899 12 1410
351 962 12 1411
352 48 14 1412
352 843 4 1413
352 985 64 1414
353 569 70 1415
353 792 8 1416
354 584 13 1417
354 865 27 1418
355 50 39 1419
355 53 42 1420
355 250 59 1421
355 558 25 1422
355 840 99 1423
355 949 76 1424
355 981 77 1425
356 233 16 1426
356 253 64 1427
356 480 82 1428
356 568 12 1429
356 879 6 1430
356 997 6 1431
357 743 8 1432
357 878 23 1433
358 353 52 1434
358 548 41 1435
358 930 54 1436
359 526 5 1437
359 552 80 1438
359 646 20 1439
360 265 37 1440
360 739 92 1441
360 923 31 1442
361 16 51 1443
361 87 96 1444
361 139 95 1445
361 307 20 1446
361 342 3 1447
361 553 8 1448
362 380 47 1449
362 571 42 1450
362 718 49 1451
362 823 6 1452
363 288 67 1453
363 925 47 1454
364 513 81 1455
364 520 44 1456
364 766 63 1457
364 808 44 1458
365 88 25 1459
365 634 74 1460
365 722 50 1461
366 213 31 1462
366 495 81 1463
366 936 72 1464
367 615 82 1465
367 664 22 1466
368 29 26 1467
368 261 86 1468
368 400 2 1469
368 508 45 1470
368 860 22 1471
370 257 93 1472
370 925 76 1473
372 444 73 1474
372 805 89 1475
372 847 70 1476
373 199 93 1477
373 933 92 1478
374 461 77 1479
374 477 39 1480
374 558 34 1481
374 698 26 1482
375 150 44 1483
375 495 100 1484
375 760 73 1485
375 822 25 1486
376 16 43 1487
376 126 35 1488
376 554 69 1489
376 630 68 1490
376 823 8 1491
377 34 18 1492
377 522 98 1493
377 634 88 1494
377 690 90 1495
378 420 79 1496
378 651 9 1497
379 938 16 1498
380 6 64 1499
380 29 11 1500
380 382 60 1501
380 405 86 1502
380 740 3 1503
380 937 35 1504
381 97 58 1505
381 108 92 1506
381 678 5 1507
381 693 50 1508
382 584 83 1509
382 672 82 1510
382 808 89 1511
383 352 16 1512
383 649 7 1513
383 774 33 1514
383 916 16 1515
384 506 79 1516
384 590 57 1517
384 720 58 1518
385 231 14 1519
385 564 26 1520
385 998 25 1521
386 32 21 1522
386 140 44 1523
386 357 22 1524
386 956 9 1525
387 525 34 1526
387 532 100 1527
387 568 18 1528
387 596 49 1529
387 935 64 1530
387 956 28 1531
388 393 8 1532
388 657 49 1533
389 299 31 1534
390 623 43 1535
390 866 6 1536
391 69 22 1537
391 427 47 1538
391 708 56 1539
391 733 5 1540
392 297 29 1541
392 533 44 1542
392 656 20 1543
393 72 35 1544
393 133 76 1545
393 481 35 1546
393 496 14 1547
393 714 33 1548
394 272 93 1549
394 398 27 1550
394 438 58 1551
394 457 18 1552
394 658 48 1553
394 706 2 1554
394 893 39 1555
395 155 56 1556
395 361 35 1557
395 567 39 1558
395 849 73 1559
395 871 83 1560
396 43 2 1561
396 114 100 1562
396 524 91 1563
396 708 51 1564
396 943 30 1565
397 353 33 1566
397 771 56 1567
398 227 79 1569
398 366 12 1570
398 669 56 1571
398 814 8 1572
399 211 55 1573
399 533 76 1574
399 914 42 1575
400 307 31 1576
400 438 11 1577
400 735 56 1578
400 826 63 1579
400 891 3 1580
401 63 83 1581
401 489 21 1582
401 518 21 1583
401 840 31 1584
402 267 22 1585
402 624 60 1586
402 648 86 1587
403 112 56 1588
403 253 98 1589
403 371 59 1590
403 699 39 1591
404 419 100 1592
404 500 59 1593
404 589 29 1594
404 785 51 1595
404 823 88 1596
405 77 61 1597
405 81 7 1598
405 115 40 1599
405 193 40 1600
405 326 18 1601
405 367 96 1602
405 582 47 1603
405 945 72 1604
406 605 71 1605
406 744 89 1606
407 238 2 1607
407 250 82 1608
407 393 45 1609
407 402 65 1610
408 131 84 1611
408 459 28 1612
408 529 86 1613
409 238 5 1614
409 687 58 1615
410 5 7 1616
410 104 64 1617
410 289 43 1618
411 39 63 1619
411 586 62 1620
411 663 2 1621
412 497 2 1622
412 611 61 1623
412 650 60 1624
412 878 30 1625
413 34 11 1626
413 166 48 1627
413 695 90 1628
414 282 18 1629
414 310 87 1630
414 834 30 1631
415 114 35 1632
415 525 82 1633
415 680 77 1634
415 876 7 1635
415 925 53 1636
416 153 65 1637
416 168 9 1638
416 354 34 1639
416 585 10 1640
417 438 73 1641
417 729 18 1642
417 862 37 1643
418 197 58 1644
418 941 22 1645
419 453 94 1646
419 912 65 1647
420 175 85 1648
420 243 37 1649
421 260 28 1650
421 301 46 1651
421 627 38 1652
421 866 29 1653
422 106 7 1654
423 45 58 1656
423 419 18 1657
423 859 44 1658
423 986 48 1659
424 62 35 1660
424 380 31 1661
424 505 77 1662
424 512 70 1663
425 552 13 1664
425 621 54 1665
425 740 76 1666
425 851 65 1667
425 971 18 1668
426 47 84 1669
426 103 99 1670
426 594 28 1671
427 454 56 1672
427 643 17 1673
427 724 64 1674
427 934 14 1675
427 984 38 1676
428 84 58 1677
428 323 78 1678
428 904 23 1679
429 31 94 1680
429 122 5 1681
429 419 69 1682
429 537 32 1683
430 281 33 1684
430 339 76 1685
430 690 29 1686
430 912 91 1687
431 136 93 1688
431 440 73 1689
431 507 38 1690
432 115 28 1691
432 156 3 1692
432 321 15 1693
432 387 97 1694
432 593 16 1695
432 848 68 1696
432 861 72 1697
433 21 86 1699
433 482 55 1700
433 907 79 1701
434 3 14 1702
434 542 11 1703
435 141 95 1704
435 500 77 1705
435 610 24 1706
435 644 33 1707
435 826 34 1708
435 967 2 1709
436 266 55 1710
436 293 28 1711
437 30 7 1712
437 354 23 1713
437 880 59 1714
437 931 40 1715
438 118 99 1716
438 306 87 1717
438 850 30 1718
438 853 91 1719
438 860 60 1720
439 446 68 1721
439 717 19 1722
439 782 62 1723
439 885 83 1724
439 923 15 1725
439 953 77 1726
440 711 51 1727
440 876 87 1728
440 880 58 1729
441 386 37 1730
441 609 42 1731
441 766 36 1732
442 437 50 1733
442 478 52 1734
442 686 31 1735
443 269 27 1736
443 271 76 1737
443 364 63 1738
443 378 61 1739
443 440 78 1740
443 610 18 1741
443 724 88 1742
444 109 84 1743
444 161 41 1744
444 655 47 1745
445 266 24 1746
445 372 39 1747
445 647 34 1748
445 652 54 1749
445 659 30 1750
445 674 93 1751
446 327 22 1752
446 358 48 1753
446 705 55 1754
446 717 4 1755
447 226 32 1757
447 344 55 1758
448 48 49 1759
448 325 89 1760
448 458 91 1761
449 717 91 1762
449 815 24 1763
449 899 41 1764
450 488 43 1765
451 102 55 1766
451 156 67 1767
451 909 18 1768
452 48 17 1769
452 53 27 1770
452 160 96 1771
452 375 35 1772
452 860 15 1773
453 82 80 1774
453 107 75 1775
453 330 61 1776
453 769 3 1777
454 241 13 1778
454 672 95 1779
454 927 56 1780
455 232 43 1781
455 489 87 1782
455 512 77 1783
455 532 90 1784
455 703 42 1785
455 866 81 1786
455 969 52 1787
456 248 73 1788
456 364 35 1789
456 434 1 1790
456 744 61 1791
457 63 26 1792
457 379 92 1793
457 394 85 1794
457 500 66 1795
457 640 34 1796
457 780 39 1797
457 855 32 1798
458 335 52 1799
458 347 56 1800
458 639 59 1801
458 959 47 1802
458 994 91 1803
459 43 73 1804
459 358 26 1805
459 375 65 1806
459 414 34 1807
459 430 29 1808
459 642 78 1809
459 874 28 1810
460 286 85 1811
460 414 20 1812
460 457 15 1813
460 471 62 1814
460 543 10 1815
460 839 56 1816
461 48 42 1817
461 301 62 1818
461 304 29 1819
461 533 77 1820
461 556 63 1821
461 627 89 1822
461 648 2 1823
461 819 54 1824
461 882 74 1825
462 132 68 1826
462 608 88 1827
462 943 13 1828
463 416 99 1829
463 444 39 1830
463 848 68 1831
464 227 58 1832
464 474 86 1833
464 827 59 1834
465 464 31 1835
465 545 12 1836
465 782 23 1837
465 828 64 1838
466 196 40 1839
466 301 1 1840
466 822 92 1841
467 78 25 1842
467 108 21 1843
467 230 7 1844
467 678 86 1845
468 168 30 1846
468 403 63 1847
468 437 28 1848
469 221 92 1849
469 256 91 1850
469 486 5 1851
469 648 54 1852
469 938 80 1853
470 166 6 1854
470 211 8 1855
470 287 53 1856
470 773 73 1857
470 784 95 1858
470 886 65 1859
471 592 34 1861
472 288 33 1862
472 464 30 1863
473 34 19 1864
473 73 91 1865
473 665 60 1866
473 914 30 1867
473 955 14 1868
474 298 24 1869
475 272 70 1870
475 384 14 1871
475 703 15 1872
475 757 94 1873
475 863 35 1874
475 917 22 1875
475 997 80 1876
476 108 65 1877
476 169 84 1878
476 320 8 1879
476 395 56 1880
476 646 75 1881
476 813 12 1882
477 21 10 1883
477 219 54 1884
477 360 18 1885
477 628 17 1886
477 995 6 1887
478 237 91 1888
478 487 12 1889
479 270 71 1890
479 308 63 1891
479 390 45 1892
479 407 3 1893
479 903 92 1894
480 109 64 1895
480 258 94 1896
480 579 51 1897
480 688 94 1898
480 939 8 1899
481 225 74 1900
481 304 64 1901
482 21 21 1902
482 215 89 1903
482 658 57 1904
482 725 56 1905
482 950 11 1906
483 122 37 1907
485 180 20 1908
485 192 94 1909
485 216 44 1910
485 266 76 1911
485 305 69 1912
485 602 56 1913
485 833 85 1914
485 844 22 1915
486 312 73 1916
486 384 2 1917
486 755 28 1918
487 77 63 1919
487 82 14 1920
487 157 98 1921
487 175 25 1922
487 442 59 1923
487 513 1 1924
487 795 17 1925
487 912 22 1926
488 466 95 1927
488 856 68 1928
488 905 16 1929
488 993 2 1930
489 28 42 1931
489 276 79 1932
489 563 23 1933
489 716 31 1934
489 793 36 1935
489 895 78 1936
490 20 41 1937
490 431 72 1938
490 742 98 1939
491 200 35 1940
491 441 16 1941
491 567 73 1942
491 945 3 1943
492 330 71 1944
492 649 58 1945
493 339 24 1946
493 538 44 1947
493 912 60 1948
493 972 51 1949
494 25 7 1950
494 49 74 1951
494 308 49 1952
494 552 32 1953
495 62 32 1954
495 282 49 1955
495 291 48 1956
495 333 54 1957
495 758 43 1958
495 760 15 1959
495 818 69 1960
496 334 45 1961
496 975 56 1962
497 438 47 1963
497 467 67 1964
497 765 87 1965
498 121 82 1966
498 576 44 1967
498 871 27 1968
499 240 54 1969
499 594 42 1970
499 714 61 1971
499 744 69 1972
499 773 14 1973
500 97 63 1974
500 467 40 1975
500 677 72 1976
500 975 87 1977
501 274 83 1978
501 694 32 1979
501 771 38 1980
502 411 89 1981
502 457 5 1982
502 578 86 1983
503 80 20 1984
503 454 36 1985
503 797 35 1986
504 114 68 1987
504 118 89 1988
504 538 78 1989
504 558 83 1990
504 565 57 1991
504 581 22 1992
504 926 39 1993
505 410 4 1994
506 145 88 1995
506 564 25 1996
507 231 85 1997
507 627 32 1998
507 800 51 1999
508 4 39 2000
508 39 73 2001
508 635 12 2002
508 906 7 2003
509 226 87 2004
509 294 75 2005
510 48 47 2006
510 290 59 2007
510 971 61 2008
511 70 30 2009
511 174 90 2010
511 770 98 2011
511 778 19 2012
512 667 94 2013
512 711 84 2014
512 817 39 2015
512 839 29 2016
513 975 19 2017
514 426 6 2018
515 249 18 2019
515 322 96 2020
515 570 88 2021
515 581 75 2022
515 653 18 2023
515 780 26 2024
515 806 78 2025
516 86 6 2026
516 200 50 2027
516 212 63 2028
516 624 38 2029
516 854 1 2030
517 207 1 2031
517 280 10 2032
517 378 12 2033
517 565 8 2034
518 347 97 2035
518 400 86 2036
518 491 54 2037
519 192 55 2038
519 426 47 2039
519 740 84 2040
520 68 44 2041
520 78 45 2042
520 200 2 2043
520 293 37 2044
520 330 28 2045
520 432 40 2046
520 601 66 2047
520 727 47 2048
520 895 45 2049
521 284 83 2050
521 554 42 2051
521 765 33 2052
522 23 58 2053
522 343 60 2054
522 653 59 2055
522 788 35 2056
522 790 65 2057
523 246 8 2058
523 453 98 2059
523 821 2 2060
523 931 8 2061
524 155 99 2062
524 240 12 2063
524 310 20 2064
524 353 6 2065
524 384 8 2066
524 446 5 2067
524 449 60 2068
525 86 62 2069
525 269 52 2070
526 122 43 2071
526 267 6 2072
526 395 96 2073
526 415 45 2074
526 582 42 2075
526 769 24 2076
526 810 84 2077
526 820 8 2078
526 848 70 2079
526 990 29 2080
527 177 91 2081
527 305 12 2082
527 493 62 2083
527 501 48 2084
528 69 71 2085
528 358 20 2086
528 927 83 2087
529 170 36 2088
529 523 27 2089
530 359 80 2090
530 757 37 2091
530 873 35 2092
531 39 79 2093
531 198 49 2094
531 267 55 2095
531 768 84 2096
531 776 57 2097
531 791 60 2098
531 821 44 2099
532 87 19 2100
532 154 11 2101
532 817 87 2102
532 843 24 2103
532 993 6 2104
533 631 31 2105
534 44 66 2106
534 89 30 2107
534 148 15 2108
534 580 73 2109
534 796 99 2110
534 992 44 2111
535 343 63 2112
535 505 10 2113
535 989 5 2114
536 159 11 2115
536 667 80 2116
536 849 24 2117
537 301 93 2118
537 649 16 2119
537 949 51 2120
538 16 73 2121
538 148 53 2122
538 175 85 2123
538 249 51 2124
538 743 1 2125
538 791 40 2126
538 854 35 2127
539 406 57 2128
539 417 99 2129
539 892 78 2130
540 208 75 2131
540 294 9 2132
540 623 64 2133
541 5 99 2134
541 571 15 2135
541 772 95 2136
542 124 64 2137
542 462 44 2138
542 614 10 2139
542 900 36 2140
543 361 43 2141
544 17 53 2142
544 377 99 2143
544 440 52 2144
544 660 57 2145
544 888 9 2146
545 272 32 2147
545 461 81 2148
546 259 1 2149
546 551 47 2150
546 725 31 2151
546 737 74 2152
546 957 99 2153
547 642 16 2154
547 721 24 2155
547 946 100 2156
549 162 55 2157
549 273 58 2158
549 565 57 2159
549 794 53 2160
549 913 35 2161
550 413 32 2162
550 910 62 2163
551 185 99 2164
551 410 30 2165
551 551 77 2166
551 594 94 2167
551 716 93 2168
551 764 21 2169
551 784 3 2170
551 933 29 2171
552 530 63 2172
552 675 56 2173
552 919 27 2174
553 329 14 2175
553 824 12 2176
554 101 35 2177
554 307 45 2178
554 423 92 2179
554 647 36 2180
554 690 92 2181
555 14 9 2183
555 177 91 2184
555 338 38 2185
556 291 33 2186
556 332 90 2187
556 416 92 2188
556 672 90 2189
556 993 47 2190
557 35 45 2191
557 43 25 2192
557 426 78 2193
557 580 7 2194
557 673 24 2195
557 708 7 2196
558 39 83 2197
558 91 18 2198
558 129 99 2199
558 623 4 2200
558 665 20 2201
558 761 27 2202
558 889 66 2203
558 933 76 2204
559 465 54 2205
559 838 79 2206
559 883 87 2207
560 151 89 2208
560 248 24 2209
560 360 79 2210
560 554 24 2211
560 910 16 2212
561 100 2 2213
561 102 33 2214
561 292 6 2215
561 300 39 2216
561 609 65 2217
561 644 96 2218
561 661 31 2219
561 692 54 2220
561 832 42 2221
562 5 76 2222
562 29 79 2223
562 669 19 2224
563 202 82 2225
563 227 2 2226
563 242 26 2227
563 523 65 2228
563 559 19 2229
563 616 25 2230
563 939 68 2231
563 948 39 2232
564 87 52 2233
564 210 34 2234
564 706 14 2235
564 752 5 2236
564 805 12 2237
565 169 1 2238
565 884 93 2239
565 897 36 2240
566 15 80 2241
566 190 17 2242
566 477 51 2243
566 751 81 2244
566 787 49 2245
566 934 57 2246
566 961 20 2247
567 237 14 2248
567 549 53 2249
567 637 51 2250
567 893 68 2251
568 122 94 2252
568 155 26 2253
568 437 46 2254
568 546 13 2255
569 29 8 2256
569 133 48 2257
569 298 39 2258
569 396 73 2259
570 213 67 2260
570 665 63 2261
570 771 41 2262
571 43 5 2263
571 776 14 2264
571 815 74 2265
571 998 19 2266
572 3 18 2267
573 320 85 2268
573 707 20 2269
573 755 11 2270
573 812 21 2271
573 845 99 2272
574 94 27 2273
574 102 72 2274
574 367 80 2275
574 588 76 2276
574 762 28 2277
576 43 100 2278
576 513 89 2279
576 593 80 2280
576 773 50 2281
576 787 56 2282
576 877 74 2283
577 69 75 2284
577 453 2 2285
577 643 87 2286
578 63 82 2287
578 436 49 2288
578 455 25 2289
578 529 55 2290
578 535 15 2291
578 552 87 2292
578 638 95 2293
578 736 20 2294
579 32 100 2295
579 44 68 2296
579 91 38 2297
579 210 18 2298
579 408 53 2299
579 435 57 2300
579 452 28 2301
579 567 74 2302
580 492 56 2303
580 642 54 2304
580 843 45 2305
581 783 35 2306
581 850 30 2307
582 210 72 2308
582 446 34 2309
582 605 18 2310
582 803 52 2311
583 265 74 2313
583 624 26 2314
584 60 58 2315
584 99 75 2316
584 244 12 2317
584 446 40 2318
584 476 24 2319
584 527 37 2320
584 628 94 2321
584 733 38 2322
584 930 23 2323
585 87 88 2324
585 235 57 2325
585 993 23 2326
586 10 56 2327
586 969 94 2328
587 168 40 2329
587 835 9 2330
588 115 51 2331
588 139 68 2332
588 303 82 2333
588 897 6 2334
589 58 22 2335
589 174 26 2336
589 213 41 2337
589 319 51 2338
589 384 98 2339
589 438 74 2340
590 67 69 2341
590 271 50 2342
590 313 57 2343
590 342 42 2344
590 345 75 2345
590 617 14 2346
590 808 17 2347
590 838 87 2348
590 872 54 2349
591 53 40 2350
591 214 23 2351
591 373 47 2352
591 760 77 2353
592 263 45 2354
592 448 35 2355
593 180 34 2356
593 275 68 2357
593 543 91 2358
593 648 28 2359
593 953 8 2360
594 732 99 2361
594 983 78 2362
595 64 80 2364
595 164 83 2365
595 165 96 2366
595 361 5 2367
595 833 23 2368
596 51 46 2369
596 344 2 2370
596 356 97 2371
596 492 15 2372
596 544 51 2373
596 645 54 2374
596 833 57 2375
597 705 68 2377
598 251 73 2378
598 431 12 2379
598 580 21 2380
599 68 13 2381
599 99 34 2382
599 110 67 2383
599 448 90 2384
599 474 79 2385
599 890 2 2386
600 129 23 2387
600 514 46 2388
600 967 92 2389
601 133 50 2390
601 532 53 2391
601 645 90 2392
601 770 28 2393
601 802 27 2394
601 835 69 2395
602 486 10 2396
602 587 23 2397
602 840 74 2398
602 931 33 2399
603 95 69 2400
603 351 76 2401
603 492 30 2402
603 839 83 2403
604 523 27 2404
604 619 83 2405
605 3 39 2406
605 279 50 2408
605 328 11 2409
605 569 63 2410
605 587 70 2411
605 637 24 2412
606 375 97 2413
606 653 37 2414
607 6 13 2415
607 104 75 2416
607 511 38 2417
608 258 36 2418
608 378 21 2419
608 601 30 2420
609 344 85 2421
609 525 73 2422
609 536 19 2423
609 627 13 2424
610 138 100 2425
610 623 88 2426
610 634 22 2427
611 839 22 2428
612 32 61 2429
612 296 55 2430
612 589 90 2431
612 632 37 2432
612 761 84 2433
613 442 72 2434
613 635 63 2435
613 722 67 2436
613 831 11 2437
613 990 14 2438
614 70 16 2439
614 127 22 2440
614 270 77 2441
614 327 86 2442
614 607 45 2443
614 611 74 2444
614 892 22 2445
615 139 57 2446
615 326 48 2447
615 383 60 2448
615 521 92 2449
615 571 68 2450
615 671 89 2451
615 835 77 2452
616 792 41 2453
616 800 8 2454
617 20 89 2455
617 273 40 2456
617 305 95 2457
617 392 11 2458
617 824 62 2459
617 946 56 2460
618 575 66 2461
618 596 52 2462
618 642 92 2463
619 281 50 2464
619 608 23 2465
619 613 55 2466
619 693 16 2467
619 718 34 2468
619 852 69 2469
620 226 32 2470
620 760 55 2471
621 40 46 2472
621 328 17 2473
621 549 99 2474
621 684 19 2475
621 790 39 2476
621 964 56 2477
622 39 67 2478
622 156 98 2479
622 191 48 2480
622 387 35 2481
622 752 87 2482
623 450 25 2483
624 100 75 2484
624 183 94 2485
624 763 13 2486
625 72 15 2487
625 836 89 2488
625 921 24 2489
625 944 77 2490
626 105 45 2491
626 176 90 2492
626 270 28 2493
626 441 37 2494
626 469 39 2495
626 626 51 2496
626 803 91 2497
627 261 55 2498
627 292 84 2499
627 676 60 2500
628 143 86 2501
628 159 38 2502
628 280 5 2503
628 366 3 2504
628 585 37 2505
628 674 24 2506
628 852 41 2507
629 56 92 2508
629 118 90 2509
629 229 38 2510
629 272 40 2511
629 297 24 2512
630 98 25 2513
630 113 64 2514
630 507 99 2515
630 894 18 2516
630 923 77 2517
630 947 14 2518
632 290 7 2519
633 140 100 2520
633 281 90 2521
633 320 51 2522
634 226 89 2523
634 513 17 2524
634 545 88 2525
634 698 28 2526
634 796 67 2527
634 938 79 2528
635 475 82 2529
635 592 50 2530
635 717 38 2531
636 10 67 2532
636 92 88 2533
636 141 42 2534
636 205 70 2535
636 230 24 2536
636 300 65 2537
636 489 10 2538
636 740 16 2539
637 180 55 2540
637 182 48 2541
637 286 55 2542
637 432 79 2543
637 452 72 2544
637 524 18 2545
637 538 77 2546
637 759 90 2547
638 223 94 2548
638 700 91 2549
639 354 96 2550
639 759 94 2551
639 965 80 2552
640 47 47 2553
640 152 83 2554
640 217 97 2555
640 256 34 2556
640 266 10 2557
640 414 64 2558
640 597 12 2559
640 927 91 2560
641 46 14 2561
641 208 50 2562
641 431 58 2563
641 538 1 2564
641 622 92 2565
642 308 27 2566
642 674 25 2567
643 91 56 2568
643 385 36 2569
644 57 40 2570
644 598 11 2571
644 966 83 2572
644 984 94 2573
645 6 89 2574
645 47 55 2575
645 108 12 2576
645 173 66 2577
645 377 44 2578
645 795 6 2579
645 818 56 2580
645 918 39 2581
646 206 99 2582
646 551 35 2583
646 592 86 2584
646 803 81 2585
647 100 31 2586
647 404 20 2587
647 478 90 2588
647 778 95 2589
647 890 32 2590
648 253 81 2591
648 335 8 2592
648 489 81 2593
648 744 38 2594
648 868 8 2595
649 248 72 2596
649 453 64 2597
649 483 32 2598
649 910 28 2599
650 114 100 2600
650 368 71 2601
650 667 38 2602
650 687 83 2603
650 706 65 2604
650 802 26 2605
651 78 37 2606
651 160 77 2607
651 963 91 2608
652 46 80 2609
652 131 82 2610
652 284 47 2611
652 403 19 2612
652 577 80 2613
653 257 81 2614
653 313 5 2615
653 327 61 2616
653 330 12 2617
653 702 24 2618
653 916 51 2619
654 323 6 2620
654 760 55 2621
654 892 31 2622
655 15 13 2623
655 857 35 2624
655 918 68 2625
656 195 21 2626
656 413 7 2627
656 878 32 2628
656 967 53 2629
657 446 34 2630
657 647 31 2631
657 771 24 2632
657 858 72 2633
657 947 13 2634
657 995 88 2635
658 36 98 2636
658 486 50 2637
658 761 65 2638
659 36 89 2639
659 138 29 2640
659 652 46 2641
660 5 35 2642
660 47 48 2643
660 885 26 2644
661 214 15 2645
661 376 52 2646
662 607 86 2647
662 649 27 2648
662 864 75 2649
662 964 37 2650
663 42 33 2651
663 343 30 2652
663 379 67 2653
663 406 46 2654
663 640 64 2655
663 694 35 2656
663 864 66 2657
664 394 70 2658
664 519 66 2659
665 166 19 2660
665 220 4 2661
665 496 97 2662
665 862 42 2663
665 922 75 2664
666 14 10 2665
666 288 30 2666
666 464 72 2667
666 497 59 2668
666 679 94 2669
666 964 60 2670
667 143 88 2671
667 206 39 2672
667 401 94 2673
667 879 35 2674
668 83 65 2675
668 487 9 2676
668 528 86 2677
668 675 51 2678
668 934 35 2679
668 936 61 2680
669 282 87 2681
669 616 68 2682
669 659 90 2683
669 734 53 2684
669 999 13 2685
670 202 54 2686
670 342 87 2687
670 567 79 2688
670 827 24 2689
671 29 53 2690
671 302 97 2691
671 576 27 2692
672 308 49 2693
672 502 38 2694
672 508 1 2695
672 527 58 2696
672 615 68 2697
672 888 73 2698
672 975 16 2699
673 119 61 2700
673 323 32 2701
673 416 3 2702
673 445 100 2703
673 629 26 2704
673 637 38 2705
673 940 64 2706
674 384 34 2707
674 572 23 2708
674 660 14 2709
674 776 69 2710
675 19 84 2711
675 482 100 2712
675 515 36 2713
675 852 73 2714
675 870 53 2715
676 119 49 2716
676 285 27 2717
676 333 39 2718
676 338 27 2719
676 581 50 2720
676 596 91 2721
677 65 24 2722
677 564 77 2723
677 845 40 2724
678 215 62 2725
678 314 77 2726
678 386 98 2727
678 539 29 2728
679 144 50 2729
679 155 13 2730
679 645 89 2731
679 705 82 2732
680 230 16 2733
680 582 88 2734
680 748 7 2735
681 94 54 2736
681 727 51 2737
681 928 41 2738
683 196 77 2739
683 383 65 2740
683 594 9 2741
683 786 60 2742
684 51 64 2743
684 82 45 2744
684 123 33 2745
684 383 17 2746
684 401 94 2747
684 606 59 2748
684 788 55 2749
684 850 20 2750
684 907 9 2751
684 910 46 2752
684 983 44 2753
685 81 85 2754
685 124 86 2755
685 188 5 2756
685 401 62 2757
685 809 83 2758
685 931 33 2759
686 93 11 2760
686 262 96 2761
686 984 21 2762
687 99 92 2763
687 165 12 2764
687 218 9 2765
687 608 99 2766
687 901 65 2767
688 963 60 2768
689 267 39 2769
689 349 41 2770
689 405 24 2771
689 494 48 2772
690 268 100 2773
690 557 88 2774
691 104 93 2775
691 768 33 2776
691 910 4 2777
692 145 86 2778
692 272 92 2779
692 442 59 2780
692 720 6 2781
692 920 100 2782
693 346 5 2783
693 371 49 2784
693 444 84 2785
694 82 90 2786
695 256 53 2787
696 875 73 2789
696 903 86 2790
697 311 56 2791
698 134 68 2792
698 390 7 2793
698 414 48 2794
698 681 79 2795
698 889 15 2796
699 145 46 2797
699 327 44 2798
699 504 75 2799
699 563 85 2800
699 571 84 2801
699 624 99 2802
700 316 33 2803
700 518 84 2804
700 567 87 2805
700 693 25 2806
701 217 16 2807
701 449 91 2808
702 141 11 2809
702 540 7 2810
703 41 49 2811
703 55 16 2812
703 177 6 2813
703 220 54 2814
703 332 64 2815
703 425 90 2816
703 946 44 2817
704 490 17 2818
705 54 35 2819
705 232 16 2820
706 227 3 2821
706 375 90 2822
706 706 84 2823
706 852 9 2824
706 919 38 2825
707 225 63 2826
707 515 24 2827
707 520 83 2828
707 849 6 2829
708 12 98 2830
708 632 68 2831
709 835 89 2832
709 864 96 2833
709 882 100 2834
710 641 73 2835
711 122 82 2836
711 611 25 2837
711 685 88 2838
711 962 72 2839
712 182 35 2840
712 631 95 2841
712 941 21 2842
713 184 50 2843
713 587 1 2844
714 78 75 2845
714 225 14 2846
714 276 90 2847
714 635 18 2848
714 771 31 2849
714 799 24 2850
714 943 34 2851
715 158 33 2852
715 332 14 2853
715 409 17 2854
715 862 41 2855
715 967 51 2856
715 982 79 2857
716 70 64 2858
716 547 34 2859
716 573 85 2860
716 660 62 2861
716 827 1 2862
716 934 74 2863
716 994 57 2864
717 104 1 2865
717 133 46 2866
717 152 39 2867
717 275 25 2868
717 399 33 2869
717 460 11 2870
718 319 59 2871
718 378 28 2872
718 451 32 2873
718 562 9 2874
718 924 28 2875
719 113 6 2876
719 309 22 2877
719 380 17 2878
720 688 23 2879
720 980 53 2880
720 987 41 2881
721 85 57 2882
721 350 85 2883
721 726 55 2884
721 829 73 2885
723 403 26 2886
723 464 5 2887
723 536 52 2888
724 195 90 2889
724 248 39 2890
724 342 36 2891
724 468 51 2892
724 847 40 2893
724 918 9 2894
724 956 7 2895
724 968 40 2896
725 771 54 2897
726 24 46 2898
726 59 64 2899
726 637 87 2900
726 746 56 2901
726 967 23 2902
727 139 14 2903
727 188 87 2904
727 308 32 2905
727 467 42 2906
727 615 93 2907
728 46 54 2908
728 269 59 2909
728 342 16 2910
728 711 6 2911
728 994 99 2912
729 120 72 2913
729 225 91 2914
729 638 53 2915
730 328 45 2916
730 652 16 2917
730 827 58 2918
731 188 96 2919
731 361 5 2920
731 562 96 2921
731 744 32 2922
731 904 55 2923
732 37 35 2924
732 963 40 2925
733 108 62 2926
733 280 75 2927
733 369 94 2928
733 438 7 2929
733 623 39 2930
733 672 81 2931
733 980 63 2932
734 280 62 2933
734 846 94 2934
735 29 50 2935
735 318 93 2936
735 519 36 2937
735 526 42 2938
735 766 46 2939
735 780 94 2940
736 2 58 2941
736 483 51 2942
736 697 92 2943
736 773 29 2944
737 110 41 2945
737 462 45 2946
737 989 73 2947
738 122 57 2948
738 314 3 2949
738 694 69 2950
738 932 62 2951
738 997 99 2952
739 347 100 2953
739 476 16 2954
739 831 34 2955
740 202 40 2956
740 393 78 2957
740 446 9 2958
741 29 33 2959
741 75 85 2960
741 332 47 2961
741 394 13 2962
741 505 47 2963
741 916 8 2964
742 318 7 2965
742 427 97 2966
742 624 100 2967
742 715 42 2968
742 727 38 2969
742 826 46 2970
742 846 36 2971
743 260 96 2972
743 526 96 2973
743 922 27 2974
744 2 24 2975
744 12 37 2976
744 97 72 2977
744 250 97 2978
744 267 94 2979
744 531 75 2980
745 220 66 2981
745 249 55 2982
745 530 74 2983
745 593 65 2984
745 760 71 2985
745 970 7 2986
746 224 4 2987
746 277 48 2988
746 462 15 2989
746 483 37 2990
747 305 32 2991
747 349 62 2992
747 628 50 2993
747 934 78 2994
748 36 69 2995
748 139 56 2996
748 169 75 2997
748 576 69 2998
749 304 98 2999
749 368 12 3000
749 405 14 3001
749 474 33 3002
749 480 8 3003
749 686 10 3004
749 874 60 3005
750 52 31 3006
750 156 46 3007
750 267 32 3008
750 669 28 3009
750 790 40 3010
750 820 7 3011
750 862 93 3012
751 314 94 3013
751 401 80 3014
751 486 58 3015
751 539 64 3016
752 297 86 3017
752 376 62 3018
752 544 11 3019
752 975 1 3020
753 532 98 3021
754 173 43 3022
754 342 62 3023
754 762 47 3024
755 439 21 3025
755 588 31 3026
755 599 3 3027
755 753 95 3028
755 928 99 3029
756 137 1 3030
756 693 7 3031
757 52 13 3032
757 384 33 3033
757 497 14 3034
757 809 22 3035
758 424 93 3036
758 530 45 3037
758 676 68 3038
758 908 25 3039
759 609 72 3040
760 28 7 3041
760 96 31 3042
760 696 65 3043
761 106 100 3044
761 963 10 3045
762 182 22 3046
762 326 63 3047
762 580 96 3048
762 690 83 3049
763 166 74 3050
763 560 97 3051
763 774 81 3052
764 537 16 3053
764 699 58 3054
764 926 27 3055
765 93 36 3056
765 112 89 3057
765 131 30 3058
765 317 31 3059
765 350 88 3060
766 196 30 3061
766 492 37 3062
766 769 100 3063
766 803 63 3064
766 849 50 3065
767 180 21 3066
767 230 56 3067
767 268 94 3068
767 357 88 3069
767 992 80 3070
768 122 65 3071
768 471 94 3072
768 534 10 3073
768 906 30 3074
769 16 94 3075
769 173 20 3076
769 313 51 3077
769 989 57 3078
769 997 15 3079
770 101 34 3080
770 463 30 3081
770 639 11 3082
770 843 14 3083
770 871 46 3084
770 920 69 3085
771 451 41 3086
771 518 82 3087
771 872 58 3088
772 52 70 3089
772 352 12 3090
772 760 45 3091
772 772 100 3092
772 969 48 3093
772 977 44 3094
773 28 63 3095
773 204 98 3096
773 283 65 3097
774 169 18 3098
774 696 91 3099
774 751 53 3100
774 792 98 3101
775 152 56 3102
775 288 46 3103
775 409 7 3104
775 445 85 3105
775 794 40 3106
775 925 26 3107
776 30 36 3108
776 48 96 3109
776 315 41 3110
776 511 69 3111
776 774 25 3112
776 833 51 3113
777 6 83 3114
777 99 71 3115
777 129 20 3116
777 405 23 3117
777 432 53 3118
777 468 77 3119
777 637 93 3120
778 622 64 3121
778 936 21 3122
779 459 93 3123
779 544 12 3124
780 24 65 3125
780 140 55 3126
780 163 9 3127
780 348 29 3128
780 466 73 3129
780 766 100 3130
780 853 82 3131
781 578 70 3132
781 789 56 3133
781 796 28 3134
782 58 76 3135
782 507 40 3136
782 664 67 3137
782 719 2 3138
783 246 76 3139
783 732 62 3140
783 774 43 3141
783 798 45 3142
783 937 87 3143
784 88 27 3145
784 138 57 3146
784 150 13 3147
784 345 50 3148
784 646 9 3149
784 859 89 3150
785 676 43 3151
785 684 73 3152
786 186 10 3153
786 210 35 3154
786 307 85 3155
786 542 74 3156
786 657 89 3157
786 681 94 3158
786 972 3 3159
787 517 61 3160
787 564 93 3161
787 900 84 3162
787 992 31 3163
788 167 48 3164
788 176 12 3165
788 282 6 3166
788 609 88 3167
789 374 78 3168
789 644 8 3169
790 104 63 3170
790 330 39 3171
791 289 50 3172
791 405 7 3173
791 408 26 3174
792 311 43 3175
792 861 34 3176
793 54 82 3177
793 548 55 3178
793 690 83 3179
793 841 91 3180
794 490 44 3181
795 500 25 3182
795 865 64 3183
796 703 53 3184
797 10 60 3185
797 730 48 3186
797 732 27 3187
797 900 49 3188
798 94 41 3189
798 286 30 3190
798 348 10 3191
798 370 34 3192
798 389 14 3193
798 572 40 3194
798 946 81 3195
799 222 25 3196
799 304 46 3197
799 382 69 3198
799 520 3 3199
800 367 53 3200
800 382 31 3201
800 390 41 3202
800 411 3 3203
800 662 38 3204
801 167 66 3205
801 291 45 3206
801 397 72 3207
801 520 48 3208
801 677 100 3209
802 294 54 3210
802 579 39 3211
802 989 44 3212
803 153 79 3213
803 213 2 3214
803 340 97 3215
803 672 39 3216
804 234 50 3217
804 513 24 3218
804 533 87 3219
804 577 91 3220
804 831 54 3221
805 454 96 3222
805 749 24 3223
805 769 67 3224
806 150 35 3225
806 172 5 3226
806 287 92 3227
807 174 80 3228
807 387 73 3229
807 852 94 3230
807 919 33 3231
808 95 4 3232
808 351 35 3233
809 38 35 3234
809 95 41 3235
809 131 1 3236
809 189 80 3237
809 190 12 3238
809 211 48 3239
809 962 80 3240
810 63 66 3241
810 548 87 3242
811 261 24 3243
811 347 45 3244
811 605 89 3245
811 975 20 3246
812 70 84 3247
812 106 38 3248
812 299 43 3249
812 569 70 3250
812 772 28 3251
812 837 96 3252
812 840 66 3253
813 464 52 3254
813 753 63 3255
814 384 100 3256
814 415 56 3257
814 584 55 3258
814 594 80 3259
814 743 28 3260
814 840 49 3261
814 895 13 3262
814 916 31 3263
814 983 83 3264
815 515 48 3265
815 656 72 3266
815 926 83 3267
815 991 28 3268
816 178 84 3269
816 281 31 3270
816 436 7 3271
816 912 50 3272
817 81 18 3273
817 368 30 3274
817 393 94 3275
817 698 6 3276
818 129 50 3277
819 257 77 3278
819 473 44 3279
819 587 93 3280
819 638 47 3281
819 742 72 3282
820 261 89 3283
820 507 12 3284
820 968 23 3285
821 231 51 3286
821 560 12 3287
821 892 78 3288
822 148 6 3289
822 480 92 3290
822 569 6 3291
822 577 54 3292
823 370 4 3293
823 524 36 3294
823 895 36 3295
823 912 51 3296
823 973 8 3297
824 148 19 3298
824 408 78 3299
825 968 91 3300
825 969 50 3301
826 74 85 3302
826 290 40 3303
826 324 67 3304
826 766 15 3305
826 944 34 3306
827 42 72 3307
827 331 65 3308
828 68 11 3309
828 87 16 3310
828 228 57 3311
828 675 57 3312
829 11 87 3313
829 330 45 3314
829 378 69 3315
829 392 10 3316
829 394 96 3317
829 607 81 3318
829 916 88 3319
829 917 1 3320
829 993 72 3321
830 322 93 3322
830 437 54 3323
830 745 75 3324
830 761 29 3325
831 259 90 3326
831 526 26 3327
831 549 36 3328
831 759 8 3329
832 51 4 3330
832 515 27 3331
832 650 57 3332
832 812 89 3333
833 233 66 3334
833 751 23 3335
833 925 3 3336
834 239 100 3337
834 274 95 3338
834 520 67 3339
835 4 10 3340
835 273 11 3341
835 438 24 3342
835 447 67 3343
835 996 97 3344
836 682 68 3345
836 694 36 3346
836 718 7 3347
836 818 63 3348
837 40 16 3349
837 72 94 3350
837 105 64 3351
837 154 87 3352
837 250 86 3353
837 486 17 3354
837 670 62 3355
837 876 14 3356
838 182 6 3357
838 724 88 3358
839 248 50 3359
839 331 14 3360
839 942 91 3361
840 67 76 3362
840 392 70 3363
840 394 79 3364
840 802 42 3365
841 766 93 3366
841 815 82 3367
841 995 41 3368
842 353 88 3369
842 519 49 3370
842 564 51 3371
842 915 98 3372
842 989 72 3373
843 666 17 3374
844 139 95 3375
844 431 40 3376
844 735 52 3377
845 460 2 3378
845 593 2 3379
845 625 68 3380
845 666 95 3381
846 264 66 3382
846 402 54 3383
846 647 80 3384
846 796 82 3385
847 264 16 3386
847 511 94 3387
847 641 88 3388
847 924 3 3389
847 937 44 3390
847 959 1 3391
848 144 94 3392
848 338 20 3393
848 574 71 3394
848 783 72 3395
849 116 61 3396
849 566 64 3397
849 831 54 3398
850 474 2 3399
850 894 51 3400
850 942 3 3401
851 240 53 3402
851 284 49 3403
851 484 74 3404
851 683 70 3405
851 979 44 3406
852 30 13 3407
852 600 22 3408
852 978 45 3409
853 113 15 3410
853 164 89 3411
853 354 40 3412
853 389 80 3413
853 787 42 3414
854 85 62 3416
854 390 57 3417
854 620 13 3418
854 779 49 3419
854 936 60 3420
855 186 57 3421
855 301 50 3422
855 573 53 3423
855 634 76 3424
855 761 20 3425
856 99 25 3426
856 534 37 3427
856 640 83 3428
856 909 78 3429
856 987 39 3430
857 33 34 3431
857 55 80 3432
857 451 91 3433
857 814 83 3434
857 865 54 3435
858 133 60 3436
858 232 26 3437
858 298 66 3438
858 316 81 3439
858 820 71 3440
859 170 81 3441
859 259 70 3442
859 291 10 3443
859 449 61 3444
859 848 11 3445
859 859 29 3446
859 914 22 3447
860 239 68 3448
860 801 42 3449
860 804 71 3450
861 203 27 3451
861 950 99 3452
862 361 20 3453
862 370 80 3454
863 49 74 3455
863 320 40 3456
863 721 4 3457
863 789 11 3458
864 235 22 3459
864 299 81 3460
864 492 49 3461
864 533 56 3462
864 536 61 3463
864 941 39 3464
864 997 38 3465
865 23 14 3466
865 84 99 3467
865 93 64 3468
865 109 80 3469
865 623 79 3470
865 721 34 3471
866 557 61 3472
866 897 48 3473
867 24 44 3474
867 141 21 3475
867 166 59 3476
867 334 73 3477
867 432 43 3478
867 827 27 3479
867 894 15 3480
867 940 13 3481
868 125 54 3482
868 304 13 3483
868 481 33 3484
868 512 33 3485
868 547 87 3486
868 718 72 3487
869 227 37 3488
870 72 97 3489
870 480 94 3490
871 161 17 3491
871 697 45 3492
871 769 49 3493
872 285 78 3494
872 561 83 3495
873 55 86 3496
873 232 92 3497
873 254 81 3498
873 605 49 3499
873 655 72 3500
873 664 60 3501
873 757 83 3502
873 831 32 3503
874 518 8 3504
874 589 27 3505
875 514 53 3506
875 550 67 3507
875 627 100 3508
875 848 96 3509
876 144 94 3510
876 462 14 3511
876 581 8 3512
876 746 48 3513
877 53 27 3514
877 323 41 3515
877 518 80 3516
877 599 13 3517
877 608 12 3518
878 186 16 3519
878 687 9 3520
878 744 5 3521
878 792 33 3522
879 294 53 3523
879 620 53 3524
879 986 11 3525
880 172 36 3526
880 395 39 3527
880 508 2 3528
880 909 17 3529
881 93 87 3530
881 299 74 3531
881 349 77 3532
881 430 70 3533
881 674 6 3534
881 893 85 3535
882 366 97 3536
882 461 58 3537
882 985 51 3538
883 174 96 3539
883 601 54 3540
883 625 45 3541
884 698 10 3542
884 794 62 3543
884 967 92 3544
885 134 36 3545
885 186 2 3546
885 930 72 3547
886 212 48 3548
886 274 13 3549
886 281 88 3550
886 735 57 3551
887 52 18 3552
887 202 20 3553
887 442 9 3554
887 933 71 3555
888 76 31 3556
888 102 45 3557
888 907 9 3558
889 12 33 3559
889 125 61 3560
889 264 96 3561
889 611 6 3562
889 646 37 3563
889 852 65 3564
889 945 11 3565
890 312 21 3566
890 348 62 3567
890 769 69 3568
890 782 72 3569
891 167 57 3570
891 567 22 3571
891 832 17 3572
892 324 66 3573
892 711 83 3574
892 728 8 3575
894 217 2 3576
894 385 85 3577
894 726 79 3578
894 789 50 3579
895 50 97 3580
895 79 66 3581
895 644 6 3582
895 991 15 3583
896 426 86 3584
896 570 14 3585
896 669 85 3586
896 685 16 3587
896 744 59 3588
896 752 93 3589
897 136 49 3590
897 780 19 3591
897 844 88 3592
897 852 54 3593
897 899 56 3594
897 978 53 3595
898 260 65 3596
898 297 76 3597
898 489 14 3598
898 804 34 3599
899 707 48 3600
899 747 71 3601
899 767 55 3602
900 294 64 3603
900 875 37 3604
900 893 38 3605
901 293 72 3606
901 407 38 3607
901 432 22 3608
901 647 50 3609
902 572 87 3610
902 726 19 3611
902 850 16 3612
903 160 93 3613
903 302 33 3614
903 620 1 3615
903 983 7 3616
904 88 17 3617
904 145 17 3618
904 191 65 3619
904 243 10 3620
904 257 66 3621
904 312 83 3622
904 777 98 3623
905 69 20 3624
905 175 38 3625
905 515 50 3626
905 899 84 3627
905 921 14 3628
906 114 64 3629
906 205 17 3630
906 279 62 3631
906 843 35 3632
907 636 72 3633
907 906 25 3634
907 966 71 3635
908 81 10 3636
908 252 96 3637
908 571 8 3638
908 622 31 3639
909 245 46 3640
909 317 95 3641
909 339 50 3642
909 360 61 3643
909 496 87 3644
909 583 82 3645
909 737 62 3646
909 873 93 3647
909 886 99 3648
909 936 79 3649
910 800 57 3650
910 867 9 3651
911 197 45 3652
913 819 40 3653
914 115 6 3654
914 235 64 3655
914 282 78 3656
914 696 56 3657
915 100 47 3658
915 696 91 3659
916 103 20 3660
916 116 64 3661
916 550 52 3662
916 853 54 3663
917 117 35 3664
917 433 77 3665
917 434 24 3666
917 627 45 3667
917 820 73 3668
918 746 32 3669
919 137 76 3670
919 285 18 3671
919 451 27 3672
919 699 25 3673
919 901 79 3674
920 240 14 3675
920 684 7 3676
921 163 41 3677
921 221 7 3678
921 859 6 3679
921 991 20 3680
922 416 64 3681
922 496 14 3682
922 499 64 3683
923 43 3 3684
923 169 20 3685
923 350 27 3686
923 416 81 3687
923 536 76 3688
923 813 74 3689
923 928 71 3690
924 427 95 3691
924 467 37 3692
924 999 23 3693
925 648 49 3694
925 723 72 3695
925 898 100 3696
925 957 73 3697
925 991 16 3698
926 87 72 3699
926 192 4 3700
926 581 91 3701
926 837 90 3702
926 844 31 3703
926 910 15 3704
927 109 45 3706
927 222 22 3707
927 306 9 3708
927 451 51 3709
927 846 27 3710
928 89 29 3711
928 459 14 3712
928 682 41 3713
929 350 92 3714
929 979 17 3715
930 92 60 3716
930 267 19 3717
930 697 97 3718
930 720 35 3719
930 841 92 3720
930 985 68 3721
931 148 30 3722
931 181 28 3723
931 227 91 3724
931 338 78 3725
931 347 99 3726
931 618 90 3727
931 649 50 3728
931 872 15 3729
931 900 61 3730
932 166 54 3731
932 182 6 3732
932 610 51 3733
932 981 84 3734
933 89 20 3735
933 598 19 3736
933 717 29 3737
934 997 42 3738
935 324 28 3739
935 426 79 3740
935 620 68 3741
936 287 56 3742
936 813 93 3743
937 229 8 3744
937 277 48 3745
937 559 10 3746
938 354 68 3747
938 375 66 3748
938 763 7 3749
939 126 2 3750
939 173 57 3751
939 255 74 3752
939 289 31 3753
939 788 84 3754
939 799 65 3755
940 143 9 3756
940 824 83 3757
940 825 54 3758
941 24 58 3759
941 267 98 3760
941 431 15 3761
941 596 12 3762
941 649 3 3763
941 880 65 3764
942 170 96 3765
942 300 23 3766
942 446 84 3767
942 486 24 3768
942 925 64 3769
943 197 11 3770
943 343 2 3771
943 411 31 3772
943 482 66 3773
943 490 95 3774
943 522 39 3775
943 699 13 3776
943 772 4 3777
943 916 6 3778
943 956 78 3779
944 450 10 3780
945 134 7 3781
945 177 35 3782
945 314 84 3783
945 627 38 3784
946 33 48 3786
946 101 47 3787
946 122 1 3788
946 379 1 3789
946 644 4 3790
946 862 98 3791
946 926 15 3792
946 995 15 3793
947 280 100 3794
947 648 80 3795
948 37 10 3796
948 987 22 3797
949 321 63 3798
949 402 33 3799
949 466 85 3800
949 631 73 3801
950 323 35 3802
950 472 16 3803
950 548 39 3804
950 811 29 3805
950 920 54 3806
950 970 52 3807
951 150 33 3808
951 423 59 3809
951 445 30 3810
951 704 42 3811
952 74 66 3812
952 133 64 3813
952 253 26 3814
952 393 4 3815
952 514 82 3816
952 759 73 3817
952 916 50 3818
952 948 83 3819
953 165 74 3820
954 333 54 3821
954 552 80 3822
954 567 89 3823
956 254 69 3824
956 588 80 3825
956 593 69 3826
956 736 79 3827
957 3 1 3828
957 624 31 3829
957 794 12 3830
958 88 86 3831
958 227 4 3832
958 253 46 3833
958 517 2 3834
958 736 43 3835
958 918 75 3836
958 972 55 3837
959 684 95 3838
959 775 7 3839
959 779 14 3840
960 119 25 3841
960 230 49 3842
960 739 80 3843
961 126 88 3844
961 203 74 3845
961 240 83 3846
961 474 70 3847
961 594 47 3848
961 950 33 3849
962 144 52 3850
962 394 21 3851
962 449 86 3852
962 548 32 3853
962 611 9 3854
963 62 54 3855
963 264 11 3856
963 312 77 3857
963 669 32 3858
964 499 12 3859
964 587 8 3860
964 814 43 3861
964 824 98 3862
965 201 12 3863
965 740 89 3864
966 290 99 3865
966 672 54 3866
967 279 63 3867
967 713 53 3868
969 284 49 3869
969 296 70 3870
969 485 67 3871
969 699 73 3872
969 908 18 3873
970 737 46 3874
970 883 61 3875
971 41 92 3876
971 550 29 3877
971 653 30 3878
972 477 38 3879
972 482 61 3880
972 609 82 3881
972 615 58 3882
972 977 46 3883
973 304 13 3884
973 519 67 3885
973 826 100 3886
974 43 24 3887
974 195 44 3888
974 399 31 3889
974 579 36 3890
974 852 51 3891
975 3 74 3892
975 94 33 3893
975 123 62 3894
975 153 63 3895
975 193 31 3896
975 389 16 3897
976 155 25 3898
976 416 84 3899
976 432 64 3900
976 455 95 3901
976 490 50 3902
977 897 36 3903
978 116 12 3904
978 340 96 3905
978 512 96 3906
978 607 4 3907
978 806 24 3908
979 501 26 3909
979 743 41 3910
979 787 84 3911
979 818 8 3912
979 937 99 3913
980 207 29 3914
980 572 21 3915
980 829 66 3916
981 58 28 3917
981 845 44 3918
981 886 9 3919
982 60 59 3920
982 688 79 3921
982 904 59 3922
983 350 33 3923
983 825 12 3924
984 3 21 3925
984 296 95 3926
984 338 42 3927
984 501 37 3928
984 517 19 3929
984 537 26 3930
984 935 100 3931
985 32 14 3932
985 708 75 3933
986 493 36 3934
986 707 26 3935
986 831 70 3936
986 991 32 3937
987 503 29 3938
987 578 94 3939
987 582 58 3940
988 25 70 3941
988 174 77 3942
988 281 65 3943
988 307 68 3944
988 514 5 3945
988 623 85 3946
988 736 33 3947
988 739 33 3948
988 855 29 3949
989 341 42 3950
989 528 92 3951
989 533 8 3952
989 583 100 3953
990 360 24 3954
990 368 19 3955
990 512 21 3956
990 734 18 3957
991 486 61 3958
992 140 57 3959
992 282 36 3960
993 32 86 3961
993 36 57 3962
993 187 50 3963
993 200 61 3964
993 342 93 3965
993 472 75 3966
993 473 31 3967
993 620 24 3968
993 726 3 3969
994 68 24 3970
994 177 82 3971
994 221 72 3972
994 245 100 3973
994 592 46 3974
995 54 40 3975
995 113 5 3976
995 423 31 3977
995 629 73 3978
995 736 38 3979
995 840 60 3980
995 903 14 3981
995 922 29 3982
996 226 67 3983
996 336 14 3984
996 654 52 3985
997 54 86 3986
997 485 34 3987
997 748 69 3988
997 795 47 3989
998 174 91 3990
998 218 5 3991
998 303 33 3992
998 350 48 3993
999 128 54 3994
999 204 94 3995
999 342 40 3996
999 756 28 3997
999 760 25 3998
999 983 64 3999
1000 420 10 4000
500 1000 20 4001
