45 123
0
1
2
4
5
6
11
12
13
14
15
16
17
18
19
20
21
22
23
24
25
26
27
28
29
30
31
32
33
34
35
36
37
38
39
40
41
42
43
44
45
46
47
48
49
33 36 77 0
15 43 35 1
36 42 49 2
21 12 27 3
22 36 11 6
18 17 29 7
32 30 62 8
23 17 35 9
29 2 22 10
43 6 11 12
42 29 73 13
5 25 84 20
27 36 5 21
46 29 13 22
32 45 14 24
17 34 64 25
43 0 87 26
38 34 3 28
1 4 99 29
18 39 12 31
26 36 94 32
39 45 70 33
34 28 67 34
1 47 2 35
17 42 52 36
6 1 80 37
36 41 65 38
39 44 19 39
40 29 31 40
17 47 71 41
31 25 9 42
27 17 56 43
15 6 83 45
19 24 28 46
21 32 29 47
40 49 96 50
23 18 45 51
46 1 21 52
5 29 88 53
14 28 41 54
0 43 0 55
34 14 24 56
14 37 56 57
43 41 27 58
32 1 37 60
28 25 7 61
24 21 58 62
45 29 37 63
35 43 18 64
28 43 11 65
28 29 76 66
4 43 63 67
13 38 6 68
40 4 18 69
28 38 69 70
17 17 96 71
24 43 70 72
33 40 99 73
22 25 44 74
40 5 39 75
4 36 69 76
32 42 64 77
4 48 11 79
22 28 99 80
43 46 68 81
40 22 11 82
11 30 78 84
5 20 36 85
44 26 22 86
37 12 24 89
0 36 52 90
49 29 50 91
18 21 73 92
31 31 30 93
33 44 60 94
13 49 81 95
49 46 59 96
23 13 68 97
40 45 26 98
16 34 40 99
40 34 76 100
42 36 7 101
45 6 79 102
18 37 12 103
48 22 59 104
42 37 6 106
1 13 72 107
21 5 19 108
49 21 4 109
39 11 40 110
17 5 28 111
27 0 84 112
22 19 96 114
31 30 84 115
42 22 72 116
0 25 85 117
22 49 40 118
42 48 13 119
48 40 24 120
19 36 81 121
32 5 94 122
4 29 69 123
23 26 50 124
29 34 93 126
5 21 67 127
4 13 61 128
4 26 59 129
44 2 2 130
6 34 21 131
42 18 28 132
39 22 8 133
17 46 54 137
18 29 0 138
46 38 97 139
49 40 3 140
33 13 97 141
25 2 96 143
25 38 57 144
29 36 60 145
14 21 60 146
4 28 27 147
0 48 56 148
2 44 97 149
